48514183
49101655
29707043
32709077
32305077
34354229
34431449
32418785
31534257
32656369
31488599
32155909
32656341
32966525
37838351
39971687
31695049
39749275
38903409
39282144
35664227
34510003
34581423
35568195
32440417
29182845
19667677
42328463
38799825
42152859
41613909
42184543
42003493
42173911
42071587
42180973
41958261
41874713
41946673
41946735
41747909
38742881
42029149
36495739
41719507
40666617
40654599
40766225
40873119
41038079
41167279
40457139
43012089
42935697
47898515
46572655
48342039
34644021
36537789
