47859095
31640165
37854819
40410019
45600061
38585323
27179461
26060377
15247349
44559489
29963269
24710791
31647053
44640141
42198759
29647931
20333917
25757509
30731971
36877707
39886539
40195511
46715363
41594843
37492843
29209813
42050733
42017723
48446099
33283985
39004097
26200813
21635571
40179715
49331025
48999093
28052077
49225765
26040399
37490457
39298400
37604627
48738655
33913159
27635043
28388183
40408321
49112671
49220255
20606417
20781759
48352493
48316191
47315817
47915723
25935975
27915937
28332451
24370845
32529887
49128459
39786485
36898941
48370245
41904605
25098593
25968965
43842621
10793389
48608809
30116441
37095375
35474961
6906911
30678391
30705193
41689431
48350381
29174823
8459334
8642988
29664877
33018949
22889047
455920
35904929
20868507
41779173
39636391
26237493
27797373
10090192
34328693
19979327
45559526
48099711
42066239
48300218
49284073
48260580
49220923
48696097
30659975
22992453
9539615
49132081
21547891
30994821
32835995
47587647
46751691
48172853
46243641
46429813
46749449
47251043
46294127
32769301
33925273
48160511
47894767
37523287
33807423
41885725
44779013
40864831
12419215
46062755
46587199
49304957
48242736
49185457
48459853
29363473
40314789
40712405
31488765
40421333
40575215
34202565
9959049
40769039
23166529
38041841
33822639
39817043
40728929
40729911
26088907
48457199
36807709
48660859
46140239
40652121
48004549
32437747
48456837
39903995
48457147
44445153
48456629
37352443
49112803
32695385
48394227
48454503
47462467
47670261
41817801
34395323
11261418
40807117
40749727
41666493
34969499
28274243
49118725
32952213
48898441
48750301
36287007
46222033
46943799
47960005
47731713
46607523
44685381
47862255
47861675
45770077
40447599
10017722
47878615
47884699
46982545
46462967
41921649
47859095
48459297
37854819
42437865
42513591
49503375
46147473
47451607
46711453
44166843
48890103
47963415
48933247
46900073
46720335
48313121
45882511
28034445
48459213
48742575
49060629
48937505
49212061
28119873
49059553
48460013
48844919
49384037
47480587
49662437
44466003
49666909
18673279
40651247
48567143
48221240
46430765
49361177
47440305
49154489
37618409
46360637
46840301
47084545
49163589
13284627
48911163
36819585
45520229
44449433
48829851
48196115
48075837
48137041
37130879
48138061
33472393
45790613
42154177
37119227
48241646
37131313
35593249
48076015
33472453
37131565
33740935
32932365
46237601
34391929
33930861
49480865
46362665
45013603
45911803
49712689
48431799
47951183
48236412
48679797
48276498
48573521
48448765
48685647
48282828
48257234
48251338
48460347
48564123
48335829
48445267
48261686
48294068
48328639
48408851
48259318
47546423
48852531
48295736
47740571
47823629
47383335
47700133
47868675
47579477
47801873
47757157
47579519
47658231
47382299
47382777
47908071
47721805
47740177
47911383
47383591
47611233
47737057
48243378
47864395
47885607
48174231
47599093
47874077
47878971
47919897
47411177
46676983
47355851
46561783
46595141
46739349
47401181
46678209
46708387
47339651
47498281
46573083
47481397
46930779
47419149
46849071
46600259
46688853
47418259
47476907
47496721
47299141
46975415
47510775
46627267
46464603
47496919
46068035
45867141
46250361
46035355
46259663
46267465
46343931
46103733
45996757
45889193
46040637
45983371
45893199
45824673
46051409
46260839
45944877
45971101
45861683
45844823
46152291
46424259
46094145
46062917
46019857
46385433
45908299
45563859
45695239
45349957
45128461
45747763
45464035
45691531
44952791
45115489
45463375
45527560
45457657
45579251
45486307
45231895
45662639
45549508
45274515
45723675
44914333
45070115
45523560
44854505
45721953
44918333
45033601
45159689
43938073
43869177
44201401
43748149
43908355
44481751
44763903
44662825
43881025
43548989
44503023
44619575
44204259
44097799
44731511
44494195
44597301
44159439
43959393
44768435
43549033
44715933
43973591
43756563
43382075
44358555
44476991
44017373
43989347
43413835
44843577
43835915
44035285
44113891
44042725
44689449
44397225
44113903
43562643
44440505
44703669
44679501
43775783
44440297
44017555
44397247
43374807
44864389
43892191
44695763
44436551
44535119
44672549
44493033
32891617
33163895
32795789
32739485
33440777
33228271
32842193
33272309
32853307
32842153
33413945
32781225
33105807
33387405
32996407
33129945
32768977
33016923
32819743
32763549
32984111
32848581
33528781
33130569
33158943
33463849
33257967
34010559
34167809
34165325
34063193
33957135
34297199
33956387
34260097
33685013
33944173
33944701
34108103
34285153
34198467
34231069
34107723
33690419
33869129
33836201
34217079
34244091
33658957
34200119
33828601
33707409
34287685
33734495
35057977
35092087
34359911
34872677
34345551
35166747
34961027
34840151
34346075
34868067
34469833
35102343
34760577
34719833
34499195
34653223
34751993
34940435
34747501
35046663
34607905
34695945
34545611
34399129
34495981
34342031
35789343
35654147
35410543
35653269
35471795
35304061
35378161
35236151
35758041
35683847
35372727
35597651
35731623
35388231
35660173
35249353
35286051
35714937
35219079
35337625
35500163
35679217
35188151
35288483
35732615
35417845
35417823
35870357
36111915
36096621
35963847
36251561
36148957
36160813
36028901
36077987
35887003
36254985
36345921
36034633
36192587
36231915
36158457
35861955
36499073
36234087
36416533
36041103
36090605
36237009
36481503
36545447
36148553
36911271
36682961
37151611
36906025
37062133
37139565
36836311
37122359
36822141
37150539
36720027
36686849
37179855
36971335
36995451
37013975
36742105
36592469
36644061
37270495
36851693
36739193
36851033
36841355
36668509
36775233
36655985
38111519
37437879
37511589
37751767
37459521
37992989
37403501
37778327
37930341
37989161
37339369
37420371
37967091
37681471
37611631
37361243
37770521
37855191
37961651
37554461
37977253
38127641
37426087
37944663
37417351
37781847
37497691
38919745
38531315
38181329
38553889
38769171
38319555
38169085
38229593
38243927
38755239
38547397
38308055
38990781
38388531
38313237
39019876
38757921
38898765
38560411
38750063
38718739
38620375
38772497
38947387
38940865
39059974
38226491
39259856
39632597
39331464
39859329
39517172
38149605
38558023
38307017
40012477
39148732
39535419
39862641
39673181
40010395
39491558
39127484
39916419
40012601
39593067
39581465
39716901
39367268
39959237
39987975
39920081
39291316
39510604
40033173
39702747
39396812
39128054
39127160
40012435
39546963
39499216
39652017
40544755
40432597
40652789
40316791
40365503
40654997
40764587
40406185
40224093
40277885
40396763
40985385
40389113
40260189
40901105
40754101
40203241
40400317
40939143
40357827
41134565
40537397
40418435
41103355
40400323
40570011
40881727
42072787
41836535
41289973
41718515
41955683
41719621
41712527
41469259
41691299
41616177
41975997
41565131
42149799
41929627
41976211
42169743
41632661
41840911
42123967
41712393
41874237
41781877
41603619
41736273
